1 589 129 327 332
2 591 129 327 332
3 586 131 327 332
4 586 131 327 332
5 583 131 327 332
6 583 134 327 332
7 581 134 327 332
8 576 136 327 332
9 576 136 327 332
10 570 139 327 332
11 570 141 327 332
12 565 141 327 332
13 563 144 327 332
14 560 147 327 332
15 560 149 327 332
16 557 149 327 332
17 555 152 327 332
18 555 152 327 332
19 552 154 327 332
20 550 152 327 332
21 547 157 327 332
22 547 157 327 332
23 544 157 327 332
24 544 160 327 332
25 544 162 327 332
26 542 165 327 332
27 539 167 327 332
28 539 167 327 332
29 537 170 327 332
30 537 173 327 332
31 537 175 327 332
32 537 173 327 332
33 534 178 327 332
34 537 175 327 332
35 537 178 327 332
36 537 178 327 332
37 537 178 327 332
38 537 178 327 332
39 537 178 327 332
40 539 178 327 332
41 539 175 327 332
42 539 175 327 332
43 539 175 327 332
44 542 175 327 332
45 539 175 327 332
46 539 178 327 332
47 539 180 327 332
48 539 180 327 332
49 539 183 327 332
50 537 183 327 332
51 537 186 327 332
52 537 183 327 332
53 537 186 327 332
54 537 188 327 332
55 534 188 327 332
56 537 191 327 332
57 534 193 327 332
58 531 196 327 332
59 531 199 327 332
60 529 201 327 332
61 535 207 319 324
62 533 210 319 324
63 530 213 319 324
64 530 213 319 324
65 530 215 319 324
66 534 219 312 317
67 531 216 312 317
68 531 211 312 317
69 529 206 312 317
70 531 199 312 317
71 532 198 305 309
72 532 195 305 309
73 530 195 305 309
74 529 194 298 302
75 524 192 298 302
76 519 187 298 302
77 517 182 298 302
78 516 181 291 296
79 513 179 291 296
80 509 179 291 296
81 512 182 284 289
82 507 184 284 289
83 503 182 284 289
84 501 180 284 289
85 504 183 278 282
86 505 182 272 276
87 500 182 272 276
88 504 181 265 270
89 501 179 265 270
90 502 180 259 263
91 500 180 259 263
92 498 182 259 263
93 496 186 259 263
94 499 191 254 257
95 502 196 248 252
96 500 194 248 252
97 507 201 242 246
98 505 195 242 246
99 511 198 237 240
100 511 194 237 240
101 516 198 231 235
102 514 195 231 235
103 522 196 226 229
104 524 190 226 229
105 526 185 226 229
106 527 179 226 229
107 524 174 226 229
108 530 173 221 224
109 530 170 221 224
110 533 170 221 224
111 541 172 216 219
112 550 178 211 214
113 559 181 211 214
114 567 186 211 214
115 573 197 206 209
116 578 206 201 205
117 587 216 197 200
118 591 226 192 195
119 591 232 192 195
120 591 240 192 195
121 591 244 192 195
122 597 250 188 191
123 594 254 188 191
124 597 258 188 191
125 603 264 188 191
126 607 272 184 187
127 610 277 184 187
128 611 281 184 187
129 616 286 184 187
130 620 291 184 187
131 626 299 184 187
132 630 313 184 187
133 636 325 184 187
134 639 338 184 187
135 645 346 180 182
136 650 353 180 182
137 647 360 180 182
138 643 367 175 178
139 638 369 175 178
140 635 371 175 178
141 638 372 175 178
142 638 371 175 178
143 638 372 175 178
144 638 369 175 178
145 639 371 175 178
146 638 368 175 178
147 640 367 175 178
148 652 365 175 178
149 664 362 175 178
150 668 360 175 178
151 663 360 175 178
152 655 360 180 182
153 659 365 180 182
154 665 363 184 187
155 681 367 184 187
156 684 363 188 191
157 684 360 188 191
158 678 357 188 191
159 672 352 193 196
160 667 347 193 196
161 657 342 197 200
162 649 339 197 200
163 635 334 197 200
164 621 332 197 200
165 607 331 197 200
166 593 327 202 205
167 582 326 207 210
168 574 326 207 210
169 563 328 207 210
170 547 327 212 215
171 538 329 212 215
172 532 332 212 215
173 525 334 212 215
174 516 335 217 220
175 509 336 217 220
176 502 338 217 220
177 496 335 222 225
178 499 337 222 225
179 498 335 222 225
180 496 339 222 225
181 490 344 227 230
182 493 354 227 230
183 494 365 232 236
184 503 383 232 236
185 509 394 232 236
186 514 407 232 236
187 510 414 238 241
188 502 423 238 241
189 488 428 243 247
190 478 436 243 247
191 468 440 243 247
192 461 438 243 247
193 451 440 243 247
194 439 438 243 247
195 428 438 243 247
196 418 436 243 247
197 408 432 243 247
198 396 423 249 253
199 388 417 249 253
200 380 411 249 253
201 374 405 249 253
202 380 401 249 253
203 383 396 255 259
204 391 392 255 259
205 397 388 255 259
206 395 384 255 259
207 391 380 255 259
208 389 382 255 259
209 385 380 255 259
210 383 382 255 259
211 383 386 255 259
212 383 384 255 259
213 383 382 255 259
214 387 380 255 259
215 395 376 255 259
216 403 365 261 265
217 415 358 261 265
218 421 350 261 265
219 427 342 261 265
220 434 333 261 265
221 440 327 261 265
222 448 319 261 265
223 454 315 261 265
224 463 311 261 265
225 469 304 261 265
226 475 298 261 265
227 483 294 261 265
228 490 288 261 265
229 494 284 261 265
230 500 279 261 265
231 506 275 261 265
232 510 269 261 265
233 515 263 261 265
234 524 262 255 259
235 531 261 249 253
236 534 257 249 253
237 538 251 249 253
238 542 241 249 253
239 538 233 249 253
240 532 223 249 253
241 527 213 249 253
242 519 203 249 253
243 509 195 249 253
244 499 187 249 253
245 487 184 249 253
246 475 180 249 253
247 465 176 249 253
248 447 172 249 253
249 425 170 249 253
250 408 166 249 253
251 404 164 249 253
252 408 164 249 253
253 416 160 249 253
254 425 160 249 253
255 433 158 249 253
256 443 158 249 253
257 453 158 249 253
258 461 156 249 253
259 471 156 249 253
260 479 154 249 253
261 485 154 249 253
262 493 152 249 253
263 495 154 249 253
264 497 152 249 253
265 499 154 249 253
266 507 152 249 253
267 515 156 249 253
268 521 154 249 253
269 527 154 249 253
270 531 154 249 253
271 531 154 249 253
272 529 154 249 253
273 529 154 249 253
274 529 152 249 253
275 534 152 249 253
276 540 154 249 253
277 544 152 249 253
278 546 150 249 253
279 546 148 249 253
280 544 140 249 253
281 538 132 249 253
282 538 128 249 253
283 544 128 249 253
284 548 130 249 253
285 554 128 249 253
286 560 130 249 253
287 564 128 249 253
288 575 133 244 247
289 579 133 244 247
290 587 136 238 242
291 591 134 238 242
292 597 128 238 242
293 602 120 238 242
294 606 113 238 242
295 610 107 238 242
296 614 105 238 242
297 616 105 238 242
298 612 103 238 242
299 616 102 238 242
300 618 101 233 236
301 613 99 233 236
302 611 97 233 236
303 611 95 233 236
304 609 95 233 236
305 611 95 233 236
306 609 95 233 236
307 611 93 233 236
308 613 90 233 236
309 615 91 233 236
310 613 93 233 236
311 616 99 233 236
312 615 102 233 236
313 616 108 233 236
314 615 114 233 236
315 618 119 233 236
316 620 125 233 236
317 626 132 233 236
318 627 141 233 236
319 629 149 233 236
320 636 160 227 231
321 637 169 227 231
322 637 177 227 231
323 637 184 227 231
324 645 188 227 231
325 650 188 227 231
326 648 188 227 231
327 650 188 227 231
328 658 194 222 226
329 666 201 217 221
330 666 208 217 221
331 666 215 217 221
332 668 225 212 216
333 663 230 212 216
334 662 237 207 211
335 662 242 207 211
336 665 248 203 206
337 666 252 203 206
338 665 258 198 201
339 661 263 198 201
340 656 267 198 201
341 652 274 194 197
342 646 279 194 197
343 640 280 194 197
344 636 284 189 192
345 630 283 189 192
346 624 281 189 192
347 623 283 185 188
348 626 282 185 188
349 632 287 181 183
350 632 284 181 183
351 629 287 181 183
352 629 290 177 179
353 624 288 177 179
354 620 292 177 179
355 618 294 173 175
356 616 297 169 171
357 612 294 169 171
358 608 293 169 171
359 601 290 169 171
360 595 286 169 171
361 589 282 169 171
362 585 277 169 171
363 580 272 169 171
364 576 276 169 171
365 568 272 169 171
366 561 269 169 171
367 559 276 165 167
368 555 272 165 167
369 553 275 165 167
370 552 281 161 164
371 553 283 161 164
372 553 286 161 164
373 554 288 161 164
374 560 284 161 164
375 567 282 161 164
376 574 280 157 160
377 582 275 157 160
378 587 269 157 160
379 588 262 157 160
380 589 256 157 160
381 593 254 154 156
382 596 256 154 156
383 598 256 154 156
384 602 258 154 156
385 598 259 154 156
386 596 262 154 156
387 598 262 150 153
388 601 265 150 153
389 606 266 150 153
390 606 265 150 153
391 608 268 150 153
392 614 267 150 153
393 620 268 150 153
394 625 267 150 153
395 627 267 150 153
396 627 268 150 153
397 625 266 150 153
398 624 267 150 153
399 626 266 150 153
400 627 265 150 153
401 630 267 150 153
402 634 271 147 149
403 633 275 147 149
404 633 276 147 149
405 634 278 147 149
406 635 280 147 149
407 634 280 147 149
408 632 283 147 149
409 629 284 147 149
410 626 286 147 149
411 620 286 147 149
412 614 288 147 149
413 612 289 147 149
414 610 290 147 149
415 609 291 147 149
416 610 290 147 149
417 609 291 147 149
418 610 290 147 149
419 609 291 147 149
420 609 291 147 149
421 608 290 147 149
422 606 291 147 149
423 605 291 147 149
424 601 291 147 149
425 596 291 147 149
426 594 291 147 149
427 593 291 147 149
428 592 291 147 149
429 589 292 147 149
430 588 292 147 149
431 587 293 147 149
432 586 292 147 149
433 584 295 147 149
434 582 293 147 149
435 581 296 147 149
436 581 296 147 149
437 580 297 147 149
438 579 298 147 149
439 578 299 147 149
440 577 300 147 149
441 575 300 147 149
442 574 302 147 149
443 575 303 147 149
444 573 303 147 149
445 573 305 147 149
446 572 305 147 149
447 571 306 147 149
448 570 306 147 149
449 570 307 147 149
450 568 307 147 149
451 570 310 147 149
452 567 311 147 149
453 568 311 147 149
454 566 310 147 149
455 561 304 150 153
456 562 308 150 153
457 564 309 150 153
458 566 313 150 153
459 571 320 147 149
460 572 325 147 149
461 577 330 144 146
462 584 335 140 142
463 590 337 137 139
464 598 337 134 136
465 604 338 131 133
466 611 337 128 130
467 617 335 125 127
468 620 330 125 127
469 625 326 122 124
470 629 318 122 124
471 631 308 122 124
472 631 297 122 124
473 627 286 125 127
474 623 274 128 130
475 625 263 131 133
476 627 253 134 136
477 631 244 137 139
478 635 232 141 143
479 558 317 144 146
480 556 321 144 146
481 558 319 144 146
482 557 321 144 146
483 557 319 144 146
484 557 321 144 146
485 557 319 144 146
486 557 321 144 146
487 558 319 144 146
488 558 321 144 146
489 558 320 144 146
490 558 320 144 146
491 558 321 144 146
492 558 320 144 146
493 557 321 144 146
494 558 320 144 146
495 557 321 144 146
496 557 320 144 146
497 558 321 144 146
498 558 321 144 146
499 558 322 144 146
500 558 322 144 146
501 558 322 144 146
502 559 323 144 146
503 559 323 144 146
504 560 324 144 146
505 560 323 144 146
506 561 324 144 146
507 563 325 144 146
508 564 324 144 146
509 565 325 144 146
510 565 324 144 146
511 566 324 144 146
512 567 323 144 146
513 569 324 144 146
514 571 322 144 146
515 572 322 144 146
516 572 322 144 146
517 574 321 144 146
518 575 319 144 146
519 576 320 144 146
520 577 316 144 146
521 579 315 144 146
522 580 313 144 146
523 580 312 144 146
524 581 309 144 146
525 582 309 144 146
526 583 307 144 146
527 583 305 144 146
528 583 302 144 146
529 584 304 144 146
530 584 300 144 146
531 584 300 144 146
532 584 299 144 146
533 583 298 144 146
534 583 297 144 146
535 583 297 144 146
536 583 294 144 146
537 583 296 144 146
538 582 293 144 146
539 582 292 144 146
540 582 291 144 146
541 581 289 144 146
542 581 286 144 146
543 580 286 144 146
544 580 283 144 146
545 579 281 144 146
546 580 277 144 146
547 579 275 144 146
548 580 272 144 146
549 579 269 144 146
550 581 266 144 146
551 580 262 144 146
552 579 261 144 146
553 580 259 144 146
554 577 258 144 146
555 576 258 144 146
556 576 258 144 146
557 580 261 144 146
558 580 265 144 146
559 579 267 144 146
560 581 270 144 146
561 580 273 144 146
562 579 275 144 146
563 579 277 144 146
564 580 280 144 146
565 579 283 144 146
566 581 284 144 146
567 582 286 144 146
568 582 289 144 146
569 582 289 144 146
570 583 291 144 146
571 584 291 144 146
572 584 290 144 146
573 585 291 144 146
574 585 289 144 146
575 582 288 144 146
576 579 286 144 146
577 576 284 144 146
578 574 282 144 146
579 572 280 144 146
580 572 281 144 146
581 569 277 144 146
582 569 277 144 146
583 571 276 144 146
584 571 275 144 146
585 573 275 144 146
586 576 274 144 146
587 582 273 144 146
588 588 272 144 146
589 591 272 144 146
590 595 270 144 146
591 595 269 144 146
592 595 269 144 146
593 596 269 144 146
594 595 269 144 146
595 596 269 144 146
596 595 268 144 146
597 595 269 144 146
598 595 268 144 146
599 593 269 144 146
600 593 269 144 146
601 593 269 144 146
602 593 269 144 146
603 592 270 144 146
604 592 270 144 146
605 591 272 144 146
606 591 272 144 146
607 590 272 144 146
608 590 273 144 146
609 589 270 144 146
610 588 270 144 146
611 587 269 144 146
612 587 268 144 146
613 585 267 144 146
614 584 266 144 146
615 583 265 144 146
616 582 266 144 146
617 582 265 144 146
618 582 267 144 146
619 581 266 144 146
620 581 267 144 146
621 581 267 144 146
622 581 267 144 146
623 581 267 144 146
624 580 267 144 146
625 580 267 144 146
626 579 266 144 146
627 579 266 144 146
628 579 265 144 146
629 577 265 144 146
630 576 265 144 146
631 575 265 144 146
632 573 266 144 146
633 572 267 144 146
634 569 268 144 146
635 569 269 144 146
636 568 272 144 146
637 567 273 144 146
638 566 274 144 146
639 565 276 144 146
640 563 278 144 146
641 561 281 144 146
642 559 280 144 146
643 556 282 144 146
644 550 277 147 150
645 548 278 147 150
646 543 272 151 153
647 539 267 154 157
648 539 266 154 157
649 535 261 158 161
650 537 259 158 161
651 539 256 158 161
652 543 252 158 161
653 545 247 162 164
654 550 240 166 168
655 558 236 166 168
656 564 230 170 172
657 576 225 170 172
658 585 224 170 172
659 599 223 170 172
660 612 221 170 172
661 621 217 174 176
662 635 215 178 180
663 650 215 178 180
664 661 212 182 185
665 674 212 186 189
666 682 208 191 194
667 693 207 195 198
668 697 206 200 203
669 701 207 204 208
670 706 211 204 208
671 707 217 204 208
672 701 224 204 208
673 692 226 209 213
674 682 225 214 218
675 679 224 214 218
676 676 223 219 223
677 680 219 219 223
678 676 216 219 223
679 676 210 225 228
680 678 201 230 233
681 683 197 235 239
682 692 192 241 245
683 705 192 241 245
684 719 192 241 245
685 728 189 247 250
686 739 195 247 250
687 749 199 247 250
688 759 199 247 250
689 769 193 247 250
690 777 199 247 250
691 784 201 247 250
692 790 211 247 250
693 783 210 252 256
694 781 214 252 256
695 782 213 247 250
696 789 219 241 245
697 782 222 247 250
698 778 218 247 250
699 772 222 247 250
700 767 220 241 245
701 756 223 241 245
702 737 223 241 245
703 723 222 236 239
704 717 222 236 239
705 711 217 236 239
706 702 215 236 239
707 693 211 236 239
708 681 207 236 239
709 671 201 241 245
710 665 195 241 245
711 660 188 247 251
712 660 182 247 251
713 667 177 241 245
714 671 176 241 245
715 675 174 241 245
716 683 178 236 239
717 691 182 236 239
718 700 188 236 239
719 711 191 236 239
720 718 196 241 245
721 724 202 241 245
722 720 210 241 245
723 714 217 241 245
724 708 228 236 239
725 700 237 236 239
726 694 249 231 234
727 684 264 225 229
728 678 275 220 224
729 665 283 215 218
730 654 287 215 218
731 647 286 210 213
732 640 286 210 213
733 633 284 210 213
734 633 283 205 209
735 628 285 205 209
736 624 281 201 204
737 624 278 196 199
738 620 278 192 195
739 618 281 187 190
740 616 281 183 186
741 610 281 183 186
742 606 280 179 182
743 606 277 179 182
744 604 273 179 182
745 601 275 175 178
746 598 275 171 174
747 591 274 171 174
748 584 271 171 174
749 577 272 167 170
750 568 275 167 170
751 560 276 167 170
752 550 275 171 174
753 543 277 171 174
754 537 277 171 174
755 534 276 167 170
756 532 281 163 166
757 526 279 163 166
758 519 281 163 166
759 515 279 160 162
760 510 277 156 158
761 503 276 156 158
762 498 276 156 158
763 495 276 152 155
764 490 274 152 155
765 487 277 149 151
766 482 273 149 151
767 477 274 149 151
768 474 272 149 151
769 470 270 149 151
770 468 268 149 151
771 468 270 146 148
772 467 270 142 144
773 469 270 142 144
774 469 269 139 141
775 471 269 139 141
776 471 268 136 138
777 471 272 136 138
778 470 275 133 135
779 468 276 133 135
780 465 277 133 135
781 460 278 136 138
782 459 278 136 138
783 465 280 136 138
784 474 282 136 138
785 481 281 136 138
786 488 281 136 138
787 494 278 136 138
788 498 275 136 138
789 503 270 139 141
790 508 262 142 145
791 515 253 142 145
792 521 243 142 145
793 524 233 142 145
794 524 224 146 148
795 524 217 149 151
796 524 208 153 155
797 526 201 153 155
798 526 197 153 155
799 526 194 153 155
800 530 194 149 152
801 529 192 149 152
802 532 195 149 152
803 533 196 149 152
804 534 199 149 152
805 534 203 149 152
806 533 209 149 152
807 528 216 149 152
808 525 224 146 148
809 520 231 143 145
810 515 238 139 141
811 507 244 136 138
812 501 253 133 135
813 494 264 130 132
814 487 273 130 132
815 479 281 133 135
816 473 293 133 135
817 466 301 130 132
818 462 312 130 132
819 456 327 130 132
820 451 339 133 135
821 447 349 136 138
822 447 363 136 138
823 451 378 133 135
824 459 388 130 132
825 469 401 130 132
826 477 411 130 132
827 486 424 130 132
828 493 434 130 132
829 498 447 127 129
830 501 456 127 129
831 501 461 127 129
832 501 466 130 132
833 504 473 130 132
834 509 478 130 132
835 515 484 130 132
836 527 497 127 129
837 538 502 127 129
838 548 505 127 129
839 553 505 124 126
840 557 503 124 126
841 561 498 124 126
842 570 496 121 123
843 577 494 121 123
844 583 492 121 123
845 590 494 121 123
846 593 493 121 123
847 595 492 121 123
848 595 488 124 126
849 597 486 124 126
850 598 481 127 129
851 600 478 127 129
852 602 475 127 129
853 603 472 127 129
854 604 470 127 129
855 605 468 127 129
856 607 467 127 129
857 604 464 130 132
858 604 463 130 132
859 603 461 130 132
860 602 459 130 132
861 601 457 130 132
862 599 455 130 132
863 598 453 130 132
864 595 450 130 132
865 593 448 130 132
866 590 446 130 132
867 585 442 133 135
868 585 441 133 135
869 584 440 133 135
870 585 438 133 135
871 584 436 133 135
872 584 434 133 135
873 585 433 133 135
874 585 430 133 135
875 586 428 133 135
876 586 427 133 135
877 587 424 133 135
878 586 422 133 135
879 587 420 133 135
880 587 418 133 135
881 587 417 133 135
882 588 414 133 135
883 588 412 133 135
884 588 409 133 135
885 589 407 133 135
886 588 404 133 135
887 589 402 133 135
888 587 400 133 135
889 584 396 133 135
890 581 393 133 135
891 577 390 133 135
892 572 387 133 135
893 568 384 133 135
894 563 382 133 135
895 558 379 133 135
896 553 377 133 135
897 548 374 133 135
898 541 370 137 139
899 536 367 137 139
900 533 364 137 139
901 529 361 140 142
902 523 355 143 145
903 522 350 143 145
904 524 347 143 145
905 526 341 143 145
906 524 335 143 145
907 522 329 143 145
908 524 322 143 145
909 523 312 146 149
910 519 305 146 149
911 514 295 150 152
912 508 289 150 152
913 501 283 150 152
914 496 277 150 152
915 492 271 150 152
916 490 265 150 152
917 488 259 150 152
918 483 251 154 156
919 473 248 150 152
920 463 246 147 149
921 462 243 143 145
922 462 243 143 145
923 463 242 143 145
924 459 242 143 145
925 460 241 143 145
926 463 241 143 145
927 467 244 140 142
928 473 241 140 142
929 487 240 137 139
930 497 239 137 139
931 504 236 137 139
932 510 232 137 139
933 506 230 137 139
934 503 229 137 139
935 499 228 137 139
936 498 233 134 136
937 496 231 134 136
938 500 234 134 136
939 507 238 131 133
940 507 243 131 133
941 504 245 131 133
942 503 248 128 130
943 501 249 125 127
944 503 253 122 124
945 512 253 122 124
946 520 254 122 124
947 525 254 122 124
948 527 255 119 121
949 529 256 119 121
950 532 256 119 121
951 533 256 119 121
952 533 256 119 121
953 531 256 119 121
954 529 256 119 121
955 526 257 119 121
956 524 258 116 118
957 525 258 116 118
958 522 257 116 118
959 520 258 114 116
960 516 258 114 116
961 513 257 114 116
962 514 257 114 116
963 516 254 116 118
964 521 254 114 116
965 527 252 114 116
966 528 251 111 113
967 525 248 114 116
968 521 247 114 116
969 518 246 114 116
970 513 242 117 118
971 515 240 117 118
972 517 239 117 118
973 520 238 117 118
974 521 237 117 118
975 522 236 117 118
976 524 237 117 118
977 525 236 117 118
978 528 236 117 118
979 529 235 117 118
980 531 236 117 118
981 532 235 117 118
982 534 236 117 118
983 535 236 117 118
984 537 238 117 118
985 539 240 117 118
986 541 243 117 118
987 543 245 117 118
988 545 246 117 118
989 548 248 117 118
990 551 248 117 118
991 554 249 117 118
992 556 251 117 118
993 559 251 117 118
994 562 252 117 118
995 564 253 117 118
996 567 253 117 118
997 568 254 117 118
998 569 256 117 118
999 570 257 117 118
1000 571 259 117 118
1001 571 260 119 121
1002 574 261 119 121
1003 575 263 119 121
1004 575 265 119 121
1005 574 268 119 121
1006 574 269 119 121
1007 575 270 119 121
1008 574 272 119 121
1009 571 272 119 121
1010 570 273 119 121
1011 570 272 119 121
1012 571 272 119 121
1013 573 272 119 121
1014 575 270 119 121
1015 572 268 119 121
1016 566 266 119 121
1017 562 263 119 121
1018 561 261 119 121
1019 564 260 119 121
1020 565 260 119 121
1021 564 260 119 121
1022 570 261 119 121
1023 577 261 119 121
1024 581 263 119 121
1025 579 263 119 121
1026 577 265 119 121
1027 581 267 119 121
1028 588 268 119 121
1029 593 270 119 121
1030 591 269 122 124
1031 593 271 122 124
1032 588 271 122 124
1033 581 271 122 124
1034 577 271 122 124
1035 573 272 122 124
1036 577 271 122 124
1037 583 271 122 124
1038 592 272 122 124
1039 601 271 122 124
1040 608 273 122 124
1041 617 274 122 124
1042 626 275 122 124
1043 638 277 122 124
1044 651 279 122 124
1045 665 281 122 124
1046 677 281 125 127
1047 691 283 125 127
1048 705 285 125 127
1049 718 287 125 127
1050 731 288 125 127
1051 743 288 125 127
1052 754 287 125 127
1053 757 286 125 127
1054 759 286 125 127
1055 758 284 128 130
1056 757 284 128 130
1057 750 288 125 127
1058 738 288 125 127
1059 726 286 125 127
1060 717 285 125 127
1061 712 281 128 130
1062 715 284 125 127
1063 720 281 125 127
1064 726 279 125 127
1065 731 276 125 127
1066 738 275 125 127
1067 743 277 125 127
1068 747 280 125 127
1069 751 282 125 127
1070 754 286 125 127
1071 758 291 125 127
1072 759 297 125 127
1073 752 302 125 127
1074 749 308 125 127
1075 752 313 125 127
1076 757 318 125 127
1077 760 323 125 127
1078 759 325 128 130
1079 759 330 131 133
1080 759 334 134 136
1081 761 340 134 136
1082 762 346 134 136
1083 765 350 134 136
1084 771 353 134 136
1085 776 356 134 136
1086 774 357 137 140
1087 774 361 137 140
1088 780 366 137 140
1089 786 372 137 140
1090 794 377 137 140
1091 803 383 137 140
1092 808 386 141 143
1093 812 390 141 143
1094 817 395 141 143
1095 823 397 137 140
1096 827 400 137 140
1097 834 401 137 140
1098 838 400 137 140
1099 840 398 137 140
1100 841 395 137 140
1101 838 393 137 140
1102 835 391 137 140
1103 830 389 137 140
1104 826 385 137 140
1105 825 382 137 140
1106 833 379 134 136
1107 840 371 134 136
1108 847 364 134 136
1109 854 358 134 136
1110 858 354 131 133
1111 859 349 131 133
1112 857 343 131 133
1113 856 339 131 133
1114 856 334 131 133
1115 858 331 131 133
1116 862 328 131 133
1117 866 326 131 133
1118 871 323 131 133
1119 872 320 131 133
1120 875 317 131 133
1121 878 311 131 133
1122 882 306 131 133
1123 886 302 131 133
1124 890 296 131 133
1125 895 286 131 133
1126 898 277 131 133
1127 900 265 134 136
1128 906 257 134 136
1129 912 246 134 136
1130 922 236 134 136
1131 927 225 134 136
1132 933 214 134 136
1133 936 205 134 136
1134 938 193 134 136
1135 939 184 134 136
1136 939 176 134 136
1137 939 167 134 136
1138 935 159 138 140
1139 934 152 138 140
1140 932 145 138 140
1141 930 139 138 140
1142 925 135 138 140
1143 921 131 138 140
1144 914 126 138 140
1145 908 122 138 140
1146 898 119 138 140
1147 890 115 138 140
1148 880 114 138 140
1149 871 112 138 140
1150 860 109 138 140
1151 849 106 138 140
1152 838 103 138 140
1153 827 102 138 140
1154 816 100 138 140
1155 805 98 138 140
1156 793 97 138 140
1157 781 96 138 140
1158 768 97 138 140
1159 756 97 138 140
1160 745 97 138 140
1161 733 97 138 140
1162 720 98 138 140
1163 708 99 138 140
1164 696 101 138 140
1165 683 103 138 140
1166 671 105 138 140
1167 658 109 138 140
1168 646 110 138 140
1169 633 112 138 140
1170 621 114 138 140
1171 608 116 138 140
1172 596 120 138 140
1173 582 121 138 140
1174 573 123 138 140
1175 561 126 138 140
1176 550 129 138 140
1177 537 131 138 140
1178 527 134 138 140
1179 514 137 138 140
1180 504 139 138 140
1181 491 143 138 140
1182 481 144 138 140
1183 470 146 138 140
1184 460 148 138 140
1185 450 150 138 140
1186 441 151 138 140
1187 432 151 138 140
1188 422 151 138 140
1189 415 150 138 140
1190 404 151 138 140
1191 395 147 141 143
1192 389 149 141 143
1193 381 146 141 143
1194 375 144 141 143
1195 369 142 141 143
1196 360 140 141 143
1197 351 137 141 143
1198 344 136 141 143
1199 337 134 141 143
1200 334 132 141 143
1201 329 130 141 143
1202 324 128 141 143
1203 316 123 144 146
1204 312 123 144 146
1205 307 122 144 146
1206 303 121 144 146
1207 301 124 144 146
1208 296 120 148 150
1209 294 124 148 150
1210 290 126 148 150
1211 288 135 144 146
1212 284 145 144 146
1213 280 152 144 146
1214 276 160 144 146
1215 271 167 144 146
1216 268 175 144 146
1217 270 182 144 146
1218 270 186 144 146
1219 267 189 144 146
1220 263 192 144 146
1221 260 195 144 146
1222 256 197 144 146
1223 254 203 144 146
1224 255 214 141 143
1225 253 220 141 143
1226 253 227 141 143
1227 257 236 141 143
1228 265 248 138 140
1229 266 254 138 140
1230 269 260 138 140
1231 269 269 138 140
1232 274 276 138 140
1233 283 287 135 137
1234 289 296 132 134
1235 292 301 132 134
1236 297 306 132 134
1237 300 314 132 134
1238 296 323 129 131
1239 289 327 129 131
1240 281 330 129 131
1241 276 334 129 131
1242 277 336 129 131
1243 279 338 129 131
1244 281 341 129 131
1245 282 344 129 131
1246 283 348 129 131
1247 286 352 129 131
1248 287 358 129 131
1249 284 366 129 131
1250 283 377 129 131
1251 286 387 129 131
1252 291 394 129 131
1253 296 401 129 131
1254 300 407 129 131
1255 303 413 129 131
1256 306 419 129 131
1257 306 423 129 131
1258 307 426 129 131
1259 309 430 129 131
1260 311 433 129 131
1261 314 437 129 131
1262 320 440 129 131
1263 329 442 129 131
1264 339 447 126 128
1265 346 449 126 128
1266 353 450 126 128
1267 358 452 126 128
1268 361 454 126 128
1269 365 455 126 128
1270 368 456 126 128
1271 371 458 126 128
1272 374 460 126 128
1273 378 461 126 128
1274 381 463 126 128
1275 386 464 126 128
1276 393 465 126 128
1277 398 466 126 128
1278 403 467 126 128
1279 410 468 123 125
1280 416 469 123 125
1281 420 469 123 125
1282 423 469 123 125
1283 427 469 123 125
1284 434 469 123 125
1285 441 468 123 125
1286 449 467 123 125
1287 456 466 123 125
1288 462 465 123 125
1289 467 464 123 125
1290 472 462 123 125
1291 477 461 123 125
1292 482 460 123 125
1293 488 458 123 125
1294 494 456 123 125
1295 500 454 123 125
1296 505 452 123 125
1297 509 450 123 125
1298 513 449 123 125
1299 517 448 123 125
1300 522 447 123 125
1301 523 443 126 128
1302 526 442 126 128
1303 530 441 126 128
1304 533 442 126 128
1305 536 441 126 128
1306 540 441 126 128
1307 543 440 126 128
1308 550 441 126 128
1309 555 439 129 131
1310 560 437 129 131
1311 561 437 129 131
1312 560 435 129 131
1313 558 434 129 131
1314 556 433 129 131
1315 554 430 132 134
1316 556 426 135 137
1317 561 425 135 137
1318 568 425 135 137
1319 575 423 135 137
1320 574 422 135 137
1321 571 421 135 137
1322 570 418 138 140
1323 577 419 138 140
1324 584 419 138 140
1325 589 419 138 140
1326 594 419 138 140
1327 594 420 138 140
1328 595 418 138 140
1329 597 420 138 140
1330 597 419 138 140
1331 591 420 141 143
1332 586 421 141 143
1333 582 422 141 143
1334 578 423 141 143
1335 575 425 141 143
1336 573 425 141 143
1337 570 427 141 143
1338 570 425 141 143
1339 570 427 141 143
1340 570 426 141 143
1341 573 425 141 143
1342 574 425 141 143
1343 577 424 141 143
1344 581 423 141 143
1345 584 422 141 143
1346 587 421 141 143
1347 592 420 141 143
1348 597 418 141 143
1349 601 418 141 143
1350 604 414 141 143
1351 610 409 141 143
1352 614 404 141 143
1353 623 395 145 147
1354 627 383 148 150
1355 635 373 152 154
1356 642 364 152 154
1357 650 353 148 150
1358 660 346 145 147
1359 666 331 148 150
1360 672 318 148 150
1361 675 303 152 154
1362 679 293 152 154
1363 684 285 152 154
1364 686 274 155 158
1365 688 261 159 161
1366 688 250 163 165
1367 686 236 167 169
1368 682 222 170 173
1369 681 210 175 177
1370 678 196 175 177
1371 679 186 179 181
1372 678 174 175 177
1373 680 162 171 173
1374 680 151 167 169
1375 676 138 167 169
1376 669 122 171 173
1377 666 112 175 177
1378 667 102 179 182
1379 665 94 179 182
1380 672 85 175 177
1381 676 76 171 173
1382 681 66 175 178
1383 688 59 175 178
1384 693 48 179 182
1385 699 38 179 182
1386 705 28 179 182
1387 710 18 179 182
1388 713 12 179 182
1389 716 10 179 182
1390 717 7 179 182
1391 715 13 175 178
1392 712 17 179 182
1393 709 31 179 182
1394 708 49 179 182
1395 708 69 175 178
1396 709 89 171 174
1397 705 106 171 174
1398 703 123 167 170
1399 707 142 163 166
1400 710 158 160 162
1401 713 170 160 162
1402 714 177 160 162
1403 716 185 156 158
1404 715 188 156 158
1405 714 186 156 158
1406 712 187 152 155
1407 708 185 152 155
1408 705 185 149 151
1409 701 189 146 148
1410 696 190 146 148
1411 690 197 142 144
1412 687 202 142 144
1413 684 212 139 141
1414 679 217 142 144
1415 675 223 146 148
1416 669 227 149 151
1417 674 230 153 155
1418 679 240 153 155
1419 679 246 156 159
1420 681 256 156 159
1421 676 262 156 159
1422 679 276 153 155
1423 679 282 149 151
1424 681 290 146 148
1425 678 296 142 145
1426 675 302 142 145
1427 672 310 139 141
1428 668 316 139 141
1429 665 322 139 141
1430 665 328 139 141
1431 663 332 139 141
1432 661 336 139 141
1433 658 337 139 141
1434 656 335 143 145
1435 655 335 143 145
1436 653 334 143 145
1437 653 334 143 145
1438 649 330 146 148
1439 648 331 146 148
1440 645 328 149 152
1441 648 331 149 152
1442 649 331 149 152
1443 650 332 149 152
1444 651 334 149 152
1445 654 336 149 152
1446 654 338 149 152
1447 654 340 149 152
1448 655 342 149 152
1449 651 342 153 155
1450 651 344 153 155
1451 649 345 153 155
1452 647 348 153 155
1453 646 349 153 155
1454 640 350 157 159
1455 636 349 160 163
1456 637 350 160 163
1457 634 352 160 163
1458 633 353 160 163
1459 633 356 160 163
1460 634 358 160 163
1461 636 359 160 163
1462 638 361 160 163
1463 640 362 160 163
1464 638 364 157 159
1465 633 365 157 159
1466 629 366 157 159
1467 631 370 157 159
1468 635 373 157 159
1469 640 375 157 159
1470 646 378 157 159
1471 655 380 157 159
1472 663 381 157 159
1473 673 384 157 159
1474 676 386 157 159
1475 674 386 157 159
1476 674 387 157 159
1477 674 389 157 159
1478 678 391 157 159
1479 679 392 157 159
1480 678 394 157 159
1481 676 396 157 159
1482 679 399 157 159
1483 681 402 157 159
1484 683 405 157 159
1485 684 407 157 159
1486 686 410 153 155
1487 688 412 153 155
1488 692 412 153 155
1489 697 413 153 155
1490 698 412 153 155
1491 698 411 150 152
1492 696 410 150 152
1493 691 407 150 152
1494 688 406 150 152
1495 686 403 150 152
1496 688 400 150 152
1497 690 400 146 148
1498 689 400 146 148
1499 687 399 146 148
1500 685 400 146 148
1501 680 401 146 148
1502 677 402 146 148
1503 674 403 146 148
1504 678 403 146 148
1505 681 404 146 148
1506 685 404 146 148
1507 688 406 146 148
1508 692 404 146 148
1509 694 403 146 148
1510 699 401 146 148
1511 700 396 150 152
1512 704 391 150 152
1513 708 384 150 152
1514 711 379 150 152
1515 705 378 150 152
1516 700 377 150 152
1517 697 377 150 152
1518 691 378 150 152
1519 687 376 153 155
1520 683 376 153 155
1521 676 376 153 155
1522 668 376 153 155
1523 664 373 153 155
1524 653 372 153 155
1525 646 372 153 155
1526 640 370 153 155
1527 634 366 153 155
1528 634 364 153 155
1529 639 360 153 155
1530 644 356 153 155
1531 650 353 153 155
1532 655 349 153 155
1533 659 345 153 155
1534 664 342 153 155
1535 665 339 153 155
1536 668 336 153 155
1537 673 332 153 155
1538 678 328 153 155
1539 683 324 153 155
1540 688 319 153 155
1541 687 315 153 155
1542 683 311 153 155
1543 682 308 150 152
1544 680 305 150 152
1545 676 301 150 152
1546 674 299 150 152
1547 676 298 146 148
1548 678 297 146 148
1549 681 295 143 145
1550 681 293 143 145
1551 680 292 143 145
1552 679 291 143 145
1553 676 288 143 145
1554 674 287 143 145
1555 672 285 143 145
1556 675 286 140 142
1557 672 284 140 142
1558 671 283 140 142
1559 670 283 140 142
1560 668 283 140 142
1561 665 283 140 142
1562 660 284 140 142
1563 657 286 140 142
1564 655 287 140 142
1565 651 288 140 142
1566 647 289 140 142
1567 643 291 140 142
1568 640 292 140 142
1569 637 294 140 142
1570 633 294 140 142
1571 630 297 140 142
1572 627 299 140 142
